0 300
1 300.2
2 300.4
3 300.6
4 300.8
5 301
6 301.2
7 301.399
8 301.597
9 301.795
10 301.99
11 302.185
12 302.377
13 302.566
14 302.754
15 302.939
16 303.121
17 303.3
18 303.477
19 303.65
20 303.821
21 303.989
22 304.153
23 304.315
24 304.474
25 304.63
26 304.783
27 304.933
28 305.08
29 305.225
30 305.367
31 305.506
32 305.642
33 305.776
34 305.907
35 306.036
36 306.162
37 306.286
38 306.407
39 306.526
40 306.643
41 306.757
42 306.87
43 306.98
44 307.087
45 307.193
46 307.297
47 307.399
48 307.498
49 307.596
50 307.692
51 307.786
52 307.878
53 307.968
54 308.057
55 308.144
56 308.229
57 308.312
58 308.394
59 308.474
60 308.553
61 308.63
62 308.706
63 308.78
64 308.853
65 308.924
66 308.994
67 309.062
68 309.13
69 309.196
70 309.26
71 309.323
72 309.386
73 309.446
74 309.506
75 309.565
76 309.622
77 309.678
78 309.733
79 309.787
80 309.841
81 309.892
82 309.943
83 309.993
84 310.042
85 310.09
86 310.138
87 310.184
88 310.229
89 310.273
90 310.317
91 310.36
92 310.401
93 310.442
94 310.483
95 310.522
96 310.561
97 310.599
98 310.636
99 310.672
100 310.708
101 310.743
102 310.777
103 310.811
104 310.844
105 310.876
106 310.908
107 310.939
108 310.97
109 311
110 311.029
111 311.058
112 311.086
113 311.114
114 311.141
115 311.167
116 311.193
117 311.219
118 311.244
119 311.268
120 311.292
121 311.316
122 311.339
123 311.362
124 311.384
125 311.406
126 311.427
127 311.448
128 311.469
129 311.489
130 311.509
131 311.528
132 311.547
133 311.566
134 311.584
135 311.602
136 311.619
137 311.637
138 311.654
139 311.67
140 311.686
141 311.702
142 311.718
143 311.733
144 311.748
145 311.763
146 311.777
147 311.791
148 311.805
149 311.819
150 311.832
151 311.845
152 311.858
153 311.87
154 311.883
155 311.895
156 311.907
157 311.918
158 311.93
159 311.941
160 311.952
161 311.962
162 311.973
163 311.983
164 311.993
165 312.003
166 312.013
167 312.022
168 312.032
169 312.041
170 312.05
171 312.059
172 312.067
173 312.076
174 312.084
175 312.092
176 312.1
177 312.108
178 312.116
179 312.123
180 312.131
181 312.138
182 312.145
183 312.152
184 312.159
185 312.165
186 312.172
187 312.178
188 312.185
189 312.191
190 312.197
191 312.203
192 312.208
193 312.214
194 312.22
195 312.225
196 312.231
197 312.236
198 312.241
199 312.246
200 312.251
201 312.256
202 312.261
203 312.265
204 312.27
205 312.274
206 312.279
207 312.283
208 312.287
209 312.292
210 312.296
211 312.3
212 312.304
213 312.307
214 312.311
215 312.315
216 312.318
217 312.322
218 312.326
219 312.329
220 312.332
221 312.336
222 312.339
223 312.342
224 312.345
225 312.348
226 312.351
227 312.354
228 312.357
229 312.36
230 312.362
231 312.365
232 312.368
233 312.37
234 312.373
235 312.375
236 312.378
237 312.38
238 312.382
239 312.385
240 312.387
241 312.389
242 312.391
243 312.393
244 312.396
245 312.398
246 312.4
247 312.402
248 312.403
249 312.405
250 312.407
251 312.409
252 312.411
253 312.413
254 312.414
255 312.416
256 312.418
257 312.419
258 312.421
259 312.422
260 312.424
261 312.425
262 312.427
263 312.428
264 312.43
265 312.431
266 312.432
267 312.434
268 312.435
269 312.436
270 312.437
271 312.439
272 312.44
273 312.441
274 312.442
275 312.443
276 312.444
277 312.446
278 312.447
279 312.448
280 312.449
281 312.45
282 312.451
283 312.452
284 312.453
285 312.454
286 312.454
287 312.455
288 312.456
289 312.457
290 312.458
291 312.459
292 312.46
293 312.46
294 312.461
295 312.462
296 312.463
297 312.463
298 312.464
299 312.465
300 312.465
301 312.466
302 312.467
303 312.467
304 312.468
305 312.469
306 312.469
307 312.47
308 312.47
309 312.471
310 312.472
311 312.472
312 312.473
313 312.473
314 312.474
315 312.474
316 312.475
317 312.475
318 312.476
319 312.476
320 312.477
321 312.477
322 312.478
323 312.478
324 312.478
325 312.479
326 312.479
327 312.48
328 312.48
329 312.48
330 312.481
331 312.481
332 312.482
333 312.482
334 312.482
335 312.483
336 312.483
337 312.483
338 312.484
339 312.484
340 312.484
341 312.485
342 312.485
343 312.485
344 312.485
345 312.486
346 312.486
347 312.486
348 312.487
349 312.487
350 312.487
351 312.487
352 312.488
353 312.488
354 312.488
355 312.488
356 312.489
357 312.489
358 312.489
359 312.489
360 312.489
361 312.49
362 312.49
363 312.49
364 312.49
365 312.49
366 312.491
367 312.491
368 312.491
369 312.491
370 312.491
371 312.491
372 312.492
373 312.492
374 312.492
375 312.492
376 312.492
377 312.492
378 312.493
379 312.493
380 312.493
381 312.493
382 312.493
383 312.493
384 312.493
385 312.494
386 312.494
387 312.494
388 312.494
389 312.494
390 312.494
391 312.494
392 312.494
393 312.494
394 312.495
395 312.495
396 312.495
397 312.495
398 312.495
399 312.495
400 312.495
